481 470 499 461 427 369 408 443 495 556 360 453 606 396 378 424 482 406 427 547 460 413 436 432 459 470 508 331 437 423 463 484 
586 624 607 611 480 598 430 587 554 590 566 520 651 478 456 615 598 651 493 522 556 509 519 482 650 599 514 442 585 471 586 632 
554 570 653 637 506 500 495 489 724 744 541 476 632 434 435 500 602 544 473 589 653 555 627 494 492 593 476 487 567 631 714 688 
698 739 668 649 583 689 519 660 653 745 658 591 863 519 548 662 626 822 557 746 606 612 611 580 806 749 607 505 674 624 693 708 
594 683 699 619 516 577 566 596 594 653 615 508 766 525 523 582 631 619 476 583 603 568 534 509 665 675 600 532 616 628 688 656 
628 621 606 646 542 603 394 625 589 723 545 550 645 562 502 636 646 686 538 602 638 579 595 577 666 688 524 480 700 550 707 604 
648 784 814 743 585 781 561 704 735 786 584 631 842 712 583 785 787 749 663 764 711 656 661 684 846 881 656 664 804 610 813 681 
601 748 762 688 624 658 591 714 793 773 623 712 858 656 560 726 696 780 671 836 719 689 718 722 853 788 731 483 790 541 638 689 
733 700 636 632 556 710 472 645 626 621 570 603 795 558 496 785 638 733 577 667 591 536 556 537 669 684 580 549 705 611 703 671 
512 622 669 655 559 618 592 653 733 668 600 614 769 625 491 661 690 666 561 787 670 611 614 571 713 783 580 523 635 623 607 667 
604 642 696 605 552 631 511 582 692 697 670 613 786 581 475 631 600 614 497 691 662 622 545 557 693 682 629 546 708 617 712 667 
541 523 554 537 525 481 438 512 578 526 514 468 556 479 450 545 601 546 442 519 558 497 554 416 594 588 547 379 544 621 610 620 
625 584 643 615 520 551 528 530 579 598 591 492 700 521 467 643 601 638 517 624 596 624 606 573 665 675 596 456 584 630 617 641 
670 645 742 611 621 741 542 671 733 729 664 682 759 607 493 734 654 735 505 768 698 655 555 636 781 768 686 585 709 683 751 727 
610 640 706 626 528 681 545 750 788 762 617 653 782 738 600 724 728 796 558 804 769 580 599 574 761 752 628 617 757 631 743 682 
716 848 863 747 683 796 697 797 842 813 709 756 1005 767 620 859 816 871 635 887 776 758 696 649 936 978 793 685 807 783 780 790 
594 595 658 647 496 669 517 620 706 660 622 512 689 565 607 670 605 761 484 692 647 582 584 514 732 643 600 523 579 630 740 680 
706 709 808 669 521 633 572 635 748 721 670 584 786 539 551 736 664 759 618 647 720 624 741 669 761 670 633 573 705 580 787 761 
770 823 847 755 727 734 610 769 840 969 649 781 976 714 605 778 850 890 703 866 786 756 823 718 865 893 778 540 908 719 770 773 
681 623 668 620 584 649 526 661 697 738 615 668 819 537 444 687 700 728 583 812 674 564 606 588 650 740 594 487 696 693 704 757 
575 716 618 611 518 591 567 687 620 565 536 592 785 589 431 699 669 649 511 707 548 458 514 523 737 732 573 491 640 640 653 641 
492 561 663 620 486 532 491 499 675 649 654 474 632 563 475 545 616 551 416 617 618 640 661 494 680 629 513 473 597 629 651 598 
513 635 646 596 423 630 433 604 553 594 527 540 669 553 463 650 651 608 559 624 579 491 517 490 680 646 522 510 661 475 596 551 
748 857 777 688 588 686 635 688 799 806 648 677 923 639 641 788 671 820 577 790 643 771 629 756 883 736 780 532 726 560 740 714 
567 518 601 559 459 576 473 581 577 516 588 462 614 537 454 648 600 599 480 631 606 488 539 457 566 600 497 482 613 692 692 669 
540 598 584 585 523 531 577 576 592 609 574 544 717 468 466 570 516 650 489 635 560 600 558 592 675 601 527 403 576 534 647 620 
673 788 784 671 587 742 614 772 675 740 635 736 832 681 532 766 782 794 601 641 663 651 623 580 820 831 627 583 807 612 687 735 
610 596 649 515 545 600 580 635 612 674 644 569 755 574 502 646 617 743 484 627 583 628 568 588 774 756 679 562 691 654 727 668 
726 665 749 732 658 719 511 739 779 765 620 645 778 603 584 745 702 783 593 850 752 591 717 570 741 761 652 553 673 783 826 787 
719 767 866 670 663 778 644 798 781 795 701 724 843 660 588 749 754 811 600 831 750 656 672 708 911 908 744 607 764 758 839 862 
672 748 729 694 600 686 530 654 593 755 564 661 871 590 441 686 713 665 650 698 681 555 523 602 749 761 624 588 796 587 734 628 
521 590 651 561 504 688 455 578 625 758 476 544 642 470 492 608 612 682 494 639 578 582 550 597 617 733 531 528 554 502 628 614 