438 436 257 276 321 319 287 309 307 415 425 351 369 307 262 278 
504 534 347 328 341 370 331 378 369 415 419 362 400 352 363 335 
398 468 250 335 261 284 243 294 307 359 446 386 331 313 255 250 
339 276 145 200 234 247 243 179 253 301 281 224 285 224 202 238 
542 511 339 385 352 379 317 402 319 501 476 363 440 296 392 287 
453 482 235 329 348 358 296 323 343 391 410 331 372 279 298 268 
370 376 185 265 244 257 249 247 233 317 343 272 296 205 239 244 
418 429 333 373 316 366 256 262 293 464 456 374 366 305 205 239 
483 418 223 307 330 323 326 299 323 465 499 369 374 294 292 283 
400 402 255 306 385 380 281 274 328 422 435 327 373 301 207 292 
465 567 348 367 293 357 312 368 335 419 467 423 434 346 348 234 
568 608 382 440 425 477 323 409 459 535 522 446 481 427 372 330 
455 530 311 396 352 417 296 312 370 464 493 421 408 367 309 297 
430 540 280 370 316 333 261 344 355 388 461 379 387 338 339 308 
416 483 290 379 393 384 284 302 365 427 448 347 408 340 327 271 
442 467 253 276 314 332 314 302 326 353 380 347 323 311 277 300 